# Created by Octave 4.0.0, Wed Aug 17 18:58:07 2016 Közép-európai nyári idõ  <unknown@TituszbanPC>
# name: Theta_steer
# type: matrix
# rows: 1601
# columns: 1
 -0.8403297382059163
 -0.3913575363190885
 -0.4646300480742345
 -0.2629419065875045
 0.5065349382272216
 0.574547645842626
 -0.2101837351164787
 -0.7198187570359263
 0.8633498671218135
 0.6659570063355618
 -0.3332995519943474
 -0.1947075911637335
 -1.162323749713107
 -0.01409665292182719
 -0.1649035264178238
 -0.1777243311334788
 0.09727838141518637
 -0.2562776465758463
 0.09991773985729109
 0.09463904269521337
 0.2958943940282289
 -0.3338053757017346
 -0.2909543140392311
 0.5201848910860624
 0.5164010165652406
 -0.1248630212887372
 0.03219383459160613
 -0.05956679527200467
 -0.2857774244005828
 -0.2310559166643301
 -0.06407144970601197
 -0.2281982796334945
 -0.1582322365323958
 0.09610339792456112
 -0.03174284625810173
 -0.1548842732507674
 -0.5851582939117622
 -0.07729754286525667
 -0.2386850695111266
 -0.8877942532007832
 -0.728124639589269
 0.03432852174590715
 -0.02508975024913965
 -0.1763448081977224
 0.6055492576283058
 0.7526693548161751
 0.0662921063171148
 -0.05741680448740175
 -0.1591792195472049
 -0.3773527471868231
 0.06759843078718024
 0.09616539258834647
 -0.5498098916984424
 0.3967519104457121
 -0.2654216289385961
 -0.281268234791252
 0.02284031436699835
 0.103016272240104
 0.3455006522024555
 0.01503977765612812
 0.1596444869311529
 0.4093154163296703
 0.5611019634827963
 -0.03967249875412018
 -0.06384189584213799
 0.7717116870508661
 0.88478868741207
 0.8233015986401042
 0.01596473748211982
 0.06924433833675894
 0.1143307613918834
 0.02563225156137983
 0.4364924319973281
 0.6710535839663112
 -0.3561755173099038
 -0.1455823783660963
 -0.07622531161840994
 0.2619615227894154
 0.1100659725256386
 -0.5780584284920032
 -0.402636203053496
 -0.7715571287151659
 -1.036511342692369
 -0.5836224183944414
 -0.1771401571972515
 -0.07650900232685756
 -0.3136387027884763
 0.7764064858019251
 0.589071285205943
 -0.08946963932096835
 -0.8115962204816853
 0.8038805194959716
 0.2748174436568853
 -0.4166878418807551
 0.4444460730237988
 0.8115940252662793
 0.03365245355544636
 -0.6334338474359024
 -0.5853185241201053
 -0.640176910084612
 -0.3975712271655432
 0.6237812823156065
 -0.006472821936046105
 -0.2230212208075223
 -0.399768272031861
 1.124880713993632
 0.5931772045724423
 0.554633192920897
 -0.323855335281698
 -0.4123997213465115
 -0.4470971296260303
 0.09776083446794187
 0.8105752027989367
 1.058591717834386
 -0.6135258901940273
 -0.1393102563432839
 -0.3101530914574314
 -0.08598630796924542
 -0.6839068922085052
 0.2104084309585178
 0.484571535242372
 -0.3986329427481792
 -0.9870425185124613
 0.2803149238588835
 0.5057965206151176
 -0.09179075272998133
 -0.3328421058287411
 0.4673703354941153
 0.3130236906348011
 -0.3068429084783686
 0.02142682795384712
 0.06266893350504843
 0.3865763837002231
 -0.135537153553653
 -0.966384041138048
 0.07001259853642208
 1.578532309840782
 0.03949394801147132
 -1.279789221723258
 -0.066837229975027
 0.5538331179930489
 -0.2786461530653294
 0.3610112722371062
 0.5587393992193734
 -0.4103760544926007
 -0.6880418592503078
 -0.02959292959030502
 0.7122467236993701
 -0.2929346467025725
 -0.6813139377514004
 0.3814994863554457
 0.2790327642307056
 0.1350953304113904
 -0.1648898334513909
 -0.4662626046842133
 -0.4936184450199042
 -0.2294531234060871
 0.4038742796708585
 0.1630982200363049
 0.08580973580799779
 0.6926614117622847
 0.7437216602473126
 -0.1367395052264529
 -0.09281523457586213
 -0.3618832231812895
 -0.8631836697547709
 0.09515074904972025
 0.7208758299649433
 -0.1051919779448798
 -0.393694406872554
 0.8499387915519149
 -0.6426458180462915
 0.1979399212574988
 0.4321358468784459
 0.3015344591073336
 -0.5000728050461626
 0.3523800859852421
 0.04069478268320542
 -0.5997558387027992
 0.4105736145659409
 -0.4550099341343416
 -0.004481557121090773
 -0.1449669587447518
 0.5501520779144641
 -0.3936702245865511
 -0.1438303207322092
 0.08302432975910826
 0.5939370963486261
 -0.04511797615571231
 -1.139535629267101
 0.1097732662390271
 -0.03830953148096181
 0.7531279278083601
 0.332035614155628
 -0.6195592615320402
 -0.05904815478464681
 -0.016553372558034
 -0.09985439576829427
 0.5960915013965156
 0.5270207415721083
 -0.7916424176067717
 0.1884832191783974
 0.3734284786559213
 -0.8628603220766673
 -0.4608160697548096
 -0.351270857440264
 0.4312743417457378
 1.025496140992915
 -0.4908281535902115
 -0.3267659133069089
 -0.04507516708148229
 -0.2131816143554131
 0.3607940511334288
 0.07667197033145681
 0.5094327741369356
 0.05349757226200399
 -0.233406333433872
 0.3171553681076681
 -0.7076082174648793
 -0.1762173581202414
 0.2562911996742688
 -0.4556062069780571
 -0.1219924548865984
 0.5541644591618017
 -0.2170243302657448
 0.1641399157594527
 0.2515719979723831
 -0.8858978492339982
 0.3803882328061782
 -0.3108033587305701
 0.1567778140473978
 0.57582338698019
 0.04069689301167501
 -0.2681695979608244
 0.1652462312973689
 0.04597666567928221
 -0.1365431405583968
 -0.1400570633984082
 -0.04273451059318709
 0.1407907652380826
 0.07539845120354374
 0.2209609643324702
 0.1985949016176156
 0.3688843708686346
 0.05510609748140782
 -0.5879453766315215
 0.1485110835721572
 -0.2111865067451286
 0.3245906154390027
 -0.4911676034992631
 0.2537074644625686
 -0.191273913972057
 0.1179215190649343
 -0.3968536954292927
 0.368748904526205
 -0.2642410850632399
 -0.02155269337948945
 0.5470911695372844
 -0.5885118033590682
 0.4465357933420261
 -0.3129648311601612
 -0.1893208377419733
 0.06658041903208702
 0.1623644051985825
 0.207681883214768
 -0.1618376616949864
 -0.3983011069188306
 0.2943998454875868
 0.2349370443815055
 -0.4016933789649493
 0.3790905733757658
 0.2638915495130827
 -0.427862313072969
 0.06248030866288404
 -0.1373373048809775
 0.4875960660386477
 -0.4423263220310174
 -0.1575246184588091
 0.02061916577288484
 -0.1086997583735728
 -0.05699982843884224
 -0.01813883010633414
 -0.08164556851855884
 0.3836065098650136
 -0.6048590889557521
 0.2756925264941755
 -0.1461688622463803
 0.2750086325341056
 0.1640048738797783
 0.1133452354405828
 -0.1178360292872287
 -0.1614911541946245
 0.2997725351394298
 0.1065651039152057
 -0.03168828459604085
 -0.07585771929010192
 0.6600621209829695
 -0.08833587868262109
 0.431015128022865
 -0.1697653270858001
 0.3908875649813599
 -0.3156512952894046
 0.4388949975891772
 -0.2470038972946823
 0.2312396247473243
 0.3327841455190979
 -0.09215864017819989
 0.7944961468906105
 -0.4982389005627875
 0.3246816387104134
 -0.3843338894929595
 0.132473242521414
 0.4560646391746707
 0.1549674233817029
 -0.3642362886592174
 -0.03559085680066099
 0.3036512574764432
 -0.5373663564262221
 -0.07619551721301382
 0.5079560058405292
 -0.2119921437751399
 -0.4352896728185154
 0.1765089257190986
 0.8343581019709937
 -0.675758715706166
 0.5786456477673882
 0.06569966281062388
 -0.3681628004702546
 0.2093772206336147
 -0.188657938269734
 0.264134829035361
 -0.02402683032351234
 -0.0584646616582328
 -0.2075695905881714
 0.1286799007840501
 0.006570064647517623
 -0.1626498536615519
 0.1120113959523319
 -0.06765592136437121
 -0.06703507505351335
 -0.349566062516844
 0.2155588613125523
 -0.7467111155895275
 0.2589411375050876
 -0.1870831036717047
 0.093531591862443
 -0.2579569617922635
 0.1796291769962952
 0.04711573944252959
 -0.3289482785050823
 0.3707550472912475
 -0.1072892199686878
 -0.1837836754363973
 -0.572920658188061
 0.1381305355466944
 -0.08759968959544513
 0.09442902803091577
 0.4016737890703725
 -0.3670179025349981
 -0.3190933584233471
 0.3818715132039837
 0.8373970963331597
